[Parameter containing:
tensor([[ 3.6343e-01, -1.6859e-01, -9.4756e-02,  1.6521e-01, -1.5296e-01,
         -1.0383e-01],
        [-4.3500e-02, -2.4291e-02, -2.0222e-01,  3.5314e-01,  5.0365e-02,
         -7.9088e-02],
        [-3.3215e-01,  1.2313e-01,  3.1872e-01, -3.4432e-01, -2.3264e-01,
         -1.1743e-01],
        [ 2.3360e-01, -2.3910e-01, -4.2473e-02,  2.5667e-01, -3.3766e-01,
         -1.8115e-01],
        [ 1.0722e-02,  2.8703e-01, -4.3839e-02,  1.8364e-01, -5.7007e-02,
         -9.1482e-02],
        [-8.8956e-02, -3.9884e-01,  1.9832e-01, -2.4546e-01, -1.6207e-01,
         -2.9623e-01],
        [-3.4299e-01, -2.9870e-01,  3.3805e-01,  3.6414e-01, -2.2122e-01,
         -1.3848e-01],
        [-8.3141e-02, -2.1814e-01,  3.0251e-01, -1.5155e-01,  2.8659e-01,
          1.2882e-01],
        [-4.7441e-02, -2.5382e-01,  7.7109e-02,  3.8512e-01, -2.8235e-01,
         -2.1473e-01],
        [-1.7867e-01,  1.1066e-02, -1.4577e-04,  1.1601e-02, -1.1275e-01,
          6.0896e-02],
        [-1.4417e-01,  1.6219e-01,  3.8135e-01, -1.4286e-01,  8.0310e-03,
          4.1353e-02],
        [-2.7528e-01, -3.9169e-01,  8.0995e-02, -5.6511e-02, -2.8426e-01,
          2.1656e-01],
        [ 4.2220e-01,  1.1592e-01,  3.4366e-01, -1.4352e-01,  6.7615e-02,
         -1.5725e-01],
        [-1.3067e-01, -7.2779e-02,  2.0365e-01,  8.7211e-02,  5.7608e-02,
          2.5404e-01],
        [-1.5681e-01,  3.0710e-01, -2.8201e-01, -2.0738e-01, -8.7556e-03,
         -3.4985e-01],
        [ 4.6594e-02, -7.8369e-02,  4.0343e-01, -1.6247e-01,  7.3979e-02,
          1.5776e-03],
        [ 2.4479e-01, -2.1869e-01, -1.9101e-01,  3.1590e-01, -2.2859e-02,
          3.7614e-02],
        [-2.2382e-01, -3.3656e-01, -2.8236e-01, -1.9505e-01,  1.0858e-01,
          3.6898e-02],
        [ 6.5769e-02, -3.3671e-01, -1.1254e-01,  1.1879e-01,  9.3940e-02,
          3.1087e-01],
        [-8.2493e-02, -1.7906e-01, -9.0837e-02, -3.1316e-01,  1.5857e-01,
         -6.6207e-02],
        [ 3.2339e-01,  9.7997e-02, -3.6471e-01, -5.3043e-03, -1.8309e-01,
          1.5506e-01],
        [-1.1996e-01, -1.1031e-01, -2.6469e-01, -1.6633e-01,  2.2929e-01,
         -9.7612e-02],
        [ 2.2899e-01, -9.0629e-02,  3.9277e-01,  1.7533e-02,  3.4997e-01,
          1.2486e-01],
        [ 3.7413e-01,  2.9124e-01, -2.5185e-01, -1.9694e-01,  3.4207e-01,
          3.5241e-01],
        [-1.0400e-01,  8.8548e-02,  3.0185e-02, -2.3825e-01,  2.9293e-01,
         -5.3823e-02],
        [ 2.7672e-01, -1.4323e-01, -1.8745e-01,  1.6946e-01,  2.6699e-01,
          1.9795e-01],
        [ 1.7075e-01, -1.5738e-01,  2.3795e-01,  4.6677e-02, -1.5406e-01,
          3.3610e-01],
        [-1.4810e-01,  3.3219e-01, -1.1807e-01,  3.0396e-01, -8.3165e-02,
          3.1833e-01],
        [ 4.6872e-02,  2.7724e-01,  2.9382e-01,  1.7010e-01,  1.0122e-01,
         -3.7437e-01],
        [-3.3041e-01,  1.6061e-01, -1.5645e-01, -7.0122e-02,  2.8783e-01,
         -3.4659e-01],
        [-4.4842e-02, -3.0573e-01, -7.8290e-02,  1.2464e-02, -2.1340e-01,
         -5.8048e-02],
        [ 1.0215e-01, -1.7517e-01, -2.1032e-01,  4.0121e-01, -2.2123e-01,
         -1.2164e-01],
        [ 2.9952e-01,  2.4853e-02,  2.5494e-01,  5.5757e-03,  1.0224e-01,
         -1.8001e-01],
        [ 6.3945e-02, -2.1710e-02,  1.1315e-01,  2.5377e-02, -1.0420e-01,
          3.9565e-01],
        [-2.6307e-01, -4.2574e-02,  3.3210e-01,  2.4868e-01,  9.7884e-02,
         -1.8021e-01],
        [ 3.1355e-01, -2.8790e-01, -3.7210e-01, -3.4081e-02,  2.0560e-01,
          2.3819e-01],
        [-3.4668e-01,  6.4325e-02, -3.6272e-02,  1.8033e-02,  2.4974e-02,
          1.9992e-02],
        [ 2.3393e-01, -2.3593e-02, -3.2073e-01, -1.8310e-01, -3.0251e-01,
         -1.4835e-01],
        [-2.5367e-01, -3.7511e-01, -3.6176e-01,  1.1395e-01,  1.5147e-01,
         -3.4026e-01],
        [ 9.1086e-02,  3.5384e-01,  1.5661e-01,  3.6752e-01,  3.3059e-02,
         -3.6521e-01],
        [ 3.3204e-01,  2.8339e-01,  3.5525e-01,  2.9020e-01,  3.1480e-02,
          5.1779e-02],
        [ 8.4712e-02, -1.1744e-02, -1.7324e-02, -3.0016e-03, -2.0910e-01,
         -1.6325e-01],
        [ 3.2931e-01,  1.1244e-01,  1.1225e-01,  1.0782e-01, -1.9475e-01,
          3.9961e-01],
        [-3.7669e-02,  4.0366e-01, -1.1294e-01,  2.4318e-01,  3.3747e-01,
         -3.4783e-01],
        [ 2.2974e-01,  9.2286e-02,  2.1753e-01, -9.1890e-02, -2.5207e-01,
         -8.1418e-02],
        [ 3.4841e-01, -8.1818e-02, -1.1850e-01, -3.3002e-01,  3.1223e-01,
          6.9404e-02],
        [ 3.3309e-01, -5.5786e-02, -1.9355e-01,  2.2714e-02, -1.9855e-01,
         -1.0315e-01],
        [-2.3796e-01,  2.8162e-01, -1.8495e-01,  3.1230e-01,  3.4665e-01,
          1.5418e-01],
        [-1.5166e-01,  3.0973e-01,  3.6467e-01, -3.8593e-01, -7.8860e-02,
          2.3328e-01],
        [ 5.2896e-02, -3.4809e-01,  1.5772e-02, -3.0306e-01,  7.1653e-03,
         -3.4316e-01],
        [ 3.8981e-01,  3.4517e-01,  2.3026e-01,  4.0986e-01, -3.9088e-01,
         -7.9130e-03],
        [-4.6884e-02,  3.8751e-01,  1.2891e-01,  2.8654e-01,  1.4559e-01,
         -3.0123e-01],
        [ 8.8956e-02, -1.0966e-01, -1.1162e-01,  1.3637e-01,  7.4005e-02,
          1.7400e-01],
        [-3.1413e-01, -2.9609e-01, -3.5967e-01,  1.9021e-01,  2.6659e-01,
         -2.3195e-01],
        [-2.6499e-01, -1.3166e-01,  8.3723e-02, -2.7631e-01,  2.0000e-01,
          3.7909e-01],
        [ 5.8632e-02,  2.8314e-01,  1.5360e-01, -6.5051e-02,  8.8954e-02,
          1.4153e-01],
        [ 1.2891e-01,  3.0760e-01, -2.7376e-01, -3.7499e-01,  5.4119e-02,
         -6.1815e-02],
        [-2.3697e-01, -1.2286e-01, -3.0825e-02,  2.9978e-01,  3.8264e-01,
         -2.1018e-01],
        [ 1.0897e-01,  1.1742e-01,  2.0294e-01,  4.1092e-02, -2.1805e-01,
         -2.7568e-01],
        [-2.0947e-01, -2.6126e-01,  3.3546e-01, -3.0637e-01,  3.0818e-01,
         -9.1016e-02],
        [ 1.9605e-01, -9.8002e-02,  2.5148e-01,  6.1154e-02,  1.3266e-01,
         -1.2841e-01],
        [-9.3227e-02, -1.9341e-01,  1.7332e-01,  2.8521e-01, -3.9619e-01,
         -2.4050e-01],
        [ 3.5578e-01, -2.7489e-01,  1.4391e-01,  8.4315e-03,  9.6735e-02,
          2.1292e-01],
        [-1.1305e-01, -3.1738e-01, -2.2359e-01,  3.7652e-01,  3.3328e-01,
         -1.7713e-01],
        [-4.2640e-01,  2.0143e-01,  2.7287e-01, -1.8745e-02,  2.0351e-01,
          3.9096e-01],
        [-3.8917e-01,  9.8028e-02, -2.9675e-01,  3.8246e-01, -3.0862e-01,
         -3.6111e-01],
        [ 2.7514e-01, -8.2405e-03, -1.5301e-01,  2.2417e-01, -1.6196e-01,
          2.6087e-01],
        [ 9.0573e-03, -3.4786e-01,  1.4630e-01, -2.7758e-01, -2.2889e-01,
         -3.2812e-01],
        [-1.0844e-01, -3.6167e-01, -3.9254e-01, -1.3969e-01, -1.0679e-01,
          2.6114e-01],
        [-2.4174e-01, -2.3766e-02, -4.5931e-02, -3.4260e-01, -3.3133e-01,
          1.5364e-01],
        [-4.1349e-01, -2.5245e-01, -2.2872e-01,  8.1798e-02, -6.1328e-02,
         -1.3813e-01],
        [-1.1723e-01, -1.2568e-02, -3.3186e-01, -5.2118e-02, -2.4470e-01,
         -3.4856e-01],
        [-4.1243e-01,  9.6150e-02,  3.5667e-02, -2.7253e-01,  3.6968e-01,
          1.7495e-01],
        [-2.2070e-01, -2.4012e-01,  8.6987e-02,  3.3434e-01,  1.1242e-01,
         -7.4467e-02],
        [ 3.8957e-01,  3.2116e-01,  2.0993e-01,  2.1687e-01,  4.1690e-02,
          1.1903e-01],
        [ 2.3175e-01,  3.9970e-01,  7.0647e-02, -7.8090e-02, -9.9165e-02,
         -4.1829e-02],
        [ 1.7511e-02, -2.2598e-01, -1.2176e-01,  8.1672e-02, -3.2038e-01,
         -4.0282e-01],
        [-3.5486e-01, -3.6030e-01,  4.0005e-01, -1.8213e-01, -3.1189e-01,
          3.8568e-01],
        [ 3.2733e-01, -1.1819e-01, -2.1902e-01,  1.6334e-01, -4.3510e-02,
         -2.2044e-01],
        [-2.7968e-01,  2.8478e-01,  2.5326e-01,  2.2519e-01,  3.1404e-01,
          9.6662e-02],
        [-3.4459e-01,  3.3711e-01, -2.1921e-02,  6.3406e-02,  2.7530e-01,
         -1.6338e-01],
        [ 3.2452e-02, -1.4345e-01, -2.8287e-01,  3.8220e-01, -3.2207e-01,
          1.0093e-01],
        [-3.0534e-02, -3.2059e-01, -8.5604e-02,  4.5102e-03,  3.1696e-01,
         -2.1728e-01],
        [-3.2453e-01, -5.7737e-02,  5.0962e-02,  2.7320e-01, -2.5381e-01,
          2.7952e-01],
        [ 1.2181e-01, -1.5708e-01, -7.8478e-02, -3.4155e-01, -2.9281e-01,
          1.0873e-01],
        [-1.2972e-01,  3.2016e-01, -1.5595e-02,  1.5833e-01, -1.0052e-01,
          3.4600e-02],
        [-4.2117e-01, -3.1198e-01,  2.7755e-01, -4.0950e-02,  3.9680e-02,
         -2.2515e-01],
        [ 2.8079e-01,  2.0161e-01, -1.4369e-01,  1.5201e-01,  1.5927e-01,
         -8.3299e-02],
        [ 3.6836e-01,  3.3482e-01,  2.6322e-01, -1.7680e-01, -5.1645e-02,
         -2.4489e-01],
        [-3.0188e-01,  7.9337e-02, -1.5975e-01,  1.2379e-02,  6.9189e-02,
         -1.8458e-01],
        [-3.8167e-01, -2.2795e-01,  1.1846e-01,  2.2689e-01, -7.2503e-02,
         -3.5511e-01],
        [ 2.7086e-01,  2.8402e-01,  1.9706e-01, -2.2271e-02,  3.6903e-01,
          3.0237e-01],
        [-2.1577e-01,  1.3283e-01,  2.6267e-01,  3.3297e-01,  1.4339e-01,
          5.6717e-02],
        [-2.1351e-01, -9.0594e-02,  6.1339e-03, -5.2555e-02,  3.0550e-01,
         -9.0795e-02],
        [ 4.4234e-02, -2.0287e-01, -1.9585e-01, -1.0627e-01, -2.6762e-01,
          2.4231e-01],
        [-3.9210e-01,  2.3524e-01,  2.2826e-01,  2.2105e-01,  3.4418e-01,
         -2.4809e-01],
        [ 7.8189e-02,  1.1218e-01,  1.0712e-01, -1.8529e-01, -2.5462e-01,
         -3.7508e-02],
        [ 1.2652e-01, -2.3892e-02, -3.7252e-01,  3.7488e-01,  2.4453e-01,
         -3.0462e-01],
        [-4.2113e-01,  2.9264e-01, -3.6175e-01, -3.8979e-01, -1.2341e-01,
          5.6151e-02],
        [ 3.2568e-01, -5.4511e-02,  1.0883e-02,  1.2621e-02, -3.4298e-01,
         -3.5781e-01],
        [-2.5471e-01,  1.6275e-02, -8.4373e-02,  4.0011e-01, -3.4121e-01,
         -2.8244e-01],
        [-4.0855e-01,  1.2876e-01,  3.6896e-01, -2.6279e-01,  1.6924e-01,
          2.7917e-01],
        [-1.9754e-01, -1.8661e-01, -1.0909e-01, -8.8312e-02,  2.1265e-01,
         -3.2697e-01],
        [ 2.4009e-01, -1.4550e-01, -2.4535e-01, -1.6225e-01,  1.3434e-01,
          3.4756e-01],
        [-6.1181e-03,  3.9846e-01, -3.6995e-01, -1.4512e-01,  1.8138e-01,
          3.6218e-01],
        [-3.0414e-01, -8.6857e-02, -1.2261e-01, -3.2134e-01, -1.8265e-01,
         -8.8103e-02],
        [-1.4746e-02,  2.7705e-01, -2.3164e-01,  3.5020e-01, -1.2611e-01,
         -1.6246e-01],
        [-1.2970e-01,  3.8156e-01, -1.6989e-01,  2.1977e-01, -1.2458e-01,
          3.6819e-01],
        [-3.4357e-02,  6.0939e-02, -1.1791e-01,  3.7040e-02,  1.1837e-01,
         -3.3131e-01],
        [ 2.3268e-01, -3.4307e-02,  1.9924e-01,  3.8244e-01, -6.8037e-02,
         -8.4576e-02],
        [-3.6262e-01,  6.4057e-02,  9.7788e-02, -3.6633e-01,  3.7286e-02,
          2.4650e-01],
        [ 3.2173e-02,  1.8744e-01,  4.7971e-02,  4.4606e-02, -3.4709e-01,
         -5.7230e-02],
        [ 3.8588e-01, -2.3489e-02, -7.6036e-04, -2.0290e-01,  4.8086e-02,
         -2.1888e-01],
        [ 4.6926e-02, -2.1887e-02, -2.6286e-01, -3.6592e-01,  4.1199e-01,
          6.1608e-02],
        [ 3.9771e-01,  2.0760e-01,  2.0641e-01,  4.1152e-01, -5.9110e-03,
         -2.6963e-01],
        [-3.4009e-01,  1.7920e-01,  3.3139e-01, -2.7422e-01, -3.7311e-01,
         -3.7372e-01],
        [ 2.9549e-01, -1.1838e-01, -2.2973e-01,  1.0246e-01, -1.9067e-01,
          2.1987e-01],
        [ 3.8268e-02,  3.4064e-01, -3.4559e-01,  4.7136e-02,  2.2890e-01,
          2.4718e-01],
        [ 1.7840e-01, -7.2954e-02,  1.1215e-01,  1.7637e-01, -1.1208e-01,
          2.1733e-01],
        [-3.5809e-01, -2.7574e-01, -3.5466e-02,  6.4288e-02, -2.5885e-02,
          2.3762e-01],
        [ 4.5811e-01,  2.7457e-01,  7.6561e-02,  7.4101e-02,  7.9812e-02,
         -1.9991e-01],
        [-2.3188e-01, -1.8094e-01,  1.5278e-01, -1.3972e-01,  4.4672e-04,
         -1.6420e-01],
        [-1.3873e-01,  1.0429e-02, -3.7561e-02,  1.3420e-01,  5.9355e-02,
         -3.1892e-01],
        [ 2.2432e-01,  6.0614e-02,  2.5977e-01,  9.3941e-03,  1.0853e-01,
          2.7454e-01],
        [ 2.1229e-01,  2.8658e-01,  3.3565e-01,  3.1661e-01, -3.1521e-02,
         -1.7343e-01],
        [-2.4726e-01,  3.1323e-01,  7.0983e-02, -1.4925e-01,  2.5173e-01,
          3.1628e-01],
        [-2.1388e-01,  2.5243e-01,  3.8305e-01, -3.2350e-01, -1.6251e-02,
         -3.3398e-01],
        [-2.0736e-01, -1.6600e-01, -3.9173e-01, -1.6686e-01,  1.1769e-01,
         -2.7980e-01]], device='cuda:0', requires_grad=True), Parameter containing:
tensor([-0.3233,  0.0910, -0.1397, -0.0167, -0.2548,  0.1991, -0.1435,  0.1435,
        -0.3802, -0.2715, -0.3292,  0.2437, -0.1768, -0.0084,  0.3052, -0.0960,
         0.2891, -0.1019, -0.2592,  0.0857,  0.3670,  0.3520, -0.2493,  0.2103,
        -0.0977, -0.3785, -0.2754, -0.2969,  0.3198, -0.0355, -0.3539,  0.2134,
        -0.2679, -0.3773, -0.2314,  0.3895, -0.2737, -0.1081,  0.1653, -0.1042,
         0.3695, -0.2150,  0.3245, -0.3929,  0.1129,  0.3974,  0.4256, -0.3656,
         0.2763, -0.0557,  0.0902,  0.1971, -0.2837,  0.2823, -0.1193,  0.3458,
        -0.1340, -0.3861,  0.0177, -0.1968, -0.1997, -0.1089, -0.3979,  0.3231,
         0.0965, -0.1889,  0.3607,  0.3402,  0.2859,  0.0407, -0.2190,  0.2720,
         0.1704, -0.2454,  0.2096, -0.3815,  0.3048, -0.0537, -0.0634, -0.3677,
        -0.3321, -0.3768,  0.0720,  0.0228,  0.4062, -0.0276,  0.2339,  0.1969,
         0.3530, -0.1185,  0.4044, -0.3177,  0.3299,  0.0599,  0.1861,  0.1051,
        -0.1662,  0.2084, -0.1670,  0.1258, -0.0562,  0.2915,  0.2260,  0.3441,
        -0.3917,  0.0901,  0.3723,  0.0884,  0.2238, -0.3288, -0.1602, -0.2265,
         0.1740, -0.3544, -0.0125,  0.3479,  0.3079,  0.1792,  0.3525,  0.3620,
        -0.1788,  0.0978, -0.1237, -0.1146,  0.2422,  0.3909, -0.2710,  0.1674],
       device='cuda:0', requires_grad=True), Parameter containing:
tensor([[-0.0416, -0.0688,  0.0315,  ..., -0.0057,  0.0656,  0.0173],
        [-0.0416,  0.0208, -0.0602,  ..., -0.0920, -0.0297,  0.0210],
        [-0.0599, -0.0405,  0.0270,  ...,  0.0780, -0.0274,  0.0767],
        ...,
        [ 0.0744,  0.0669, -0.0448,  ...,  0.0766,  0.0964, -0.0062],
        [-0.0594,  0.0830,  0.0392,  ...,  0.0837,  0.0474,  0.0023],
        [-0.0027,  0.0735,  0.0527,  ...,  0.0721, -0.0398,  0.0664]],
       device='cuda:0', requires_grad=True), Parameter containing:
tensor([ 0.0276,  0.0207, -0.0321, -0.0388,  0.0455, -0.0604,  0.0235, -0.0638,
        -0.0034, -0.0969,  0.0168,  0.0295,  0.0730, -0.0811, -0.0593, -0.0381,
        -0.0311,  0.0578,  0.0421, -0.0297,  0.0487,  0.0347,  0.0655, -0.0667,
        -0.0253,  0.0447, -0.0743, -0.0907,  0.0267, -0.0360,  0.0426,  0.0118,
        -0.0389,  0.0744,  0.0713,  0.0596,  0.0171, -0.0697,  0.0057,  0.0381,
         0.0089,  0.0045, -0.0397,  0.0219,  0.0410,  0.0596, -0.0034,  0.0271,
         0.0473,  0.0788, -0.0633, -0.0673, -0.0656,  0.0081, -0.0426, -0.0825,
         0.0351, -0.0252, -0.0195, -0.0569, -0.0223,  0.0166,  0.0489, -0.0693],
       device='cuda:0', requires_grad=True), Parameter containing:
tensor([[-0.1217,  0.0741,  0.0322,  ..., -0.0036, -0.0202, -0.0295],
        [-0.0781, -0.0120,  0.0793,  ..., -0.0275,  0.0252, -0.0305],
        [ 0.0573,  0.0257,  0.0194,  ..., -0.0576, -0.0092,  0.1348],
        ...,
        [-0.1313,  0.0518, -0.0145,  ...,  0.0050, -0.0892,  0.0364],
        [ 0.0651, -0.0130,  0.0794,  ..., -0.0372,  0.0599,  0.0165],
        [ 0.0355,  0.1138, -0.0482,  ...,  0.0185, -0.0386, -0.0818]],
       device='cuda:0', requires_grad=True), Parameter containing:
tensor([ 0.0014, -0.1045, -0.0231, -0.0077, -0.0504, -0.0575,  0.0527,  0.1128,
        -0.0509,  0.1018,  0.1345, -0.0502,  0.0728,  0.0074,  0.0558,  0.0007],
       device='cuda:0', requires_grad=True), Parameter containing:
tensor([[-0.0907, -0.0008,  0.0354, -0.0411,  0.0141, -0.0909, -0.0260,  0.0201,
         -0.0183,  0.0201, -0.0135, -0.1941, -0.0132,  0.0820,  0.0496,  0.1559],
        [-0.0343, -0.1269, -0.1490, -0.2762, -0.0659,  0.0302,  0.1329,  0.0242,
         -0.2527,  0.0135, -0.0965, -0.2167, -0.1700, -0.1650, -0.1037,  0.0017],
        [ 0.0775,  0.0220,  0.0285, -0.0532, -0.0541,  0.0436,  0.0672,  0.1262,
         -0.2213, -0.0515, -0.0170, -0.0312,  0.0418, -0.1429,  0.0337, -0.0512],
        [-0.1722, -0.2618,  0.0554, -0.0133, -0.0080,  0.0005,  0.0821, -0.0238,
         -0.0099, -0.0412,  0.0545,  0.0614,  0.0142, -0.2070,  0.0335,  0.0633],
        [-0.0401,  0.0117, -0.0361, -0.0678, -0.0848, -0.0852, -0.0218,  0.0339,
         -0.0287, -0.0144, -0.0232,  0.0994, -0.0572,  0.0072,  0.0669,  0.0752],
        [-0.2004, -0.1647,  0.1341, -0.0510, -0.2150,  0.1850,  0.2765,  0.0383,
         -0.0719, -0.0090, -0.1977,  0.1686, -0.2528, -0.2152,  0.1870, -0.1686],
        [ 0.0193, -0.0072, -0.1590,  0.0885, -0.0204,  0.1907, -0.0312, -0.0395,
          0.1792,  0.0146,  0.1149,  0.2090,  0.1379,  0.0999, -0.2470, -0.0075],
        [ 0.0997,  0.1383, -0.1512,  0.0966, -0.0717, -0.2665, -0.0092,  0.1684,
          0.0411,  0.0051, -0.1113, -0.0286,  0.0505, -0.1274,  0.2535,  0.0398]],
       device='cuda:0', requires_grad=True), Parameter containing:
tensor([ 0.6122,  0.1553,  0.5681,  0.5094,  0.6830, -0.0229,  0.3577,  0.0108],
       device='cuda:0', requires_grad=True), Parameter containing:
tensor([[0.6014, 0.3936, 0.4128, 0.3881, 0.4631, 0.3478, 0.3342, 0.2309]],
       device='cuda:0', requires_grad=True), Parameter containing:
tensor([4.6494], device='cuda:0', requires_grad=True), Parameter containing:
tensor([1.4352, 0.8406, 0.9719, 0.8306, 0.8727, 0.8978], device='cuda:0',
       requires_grad=True), Parameter containing:
tensor([-0.0266,  0.0074, -0.0115, -0.0057, -0.0115, -0.0381], device='cuda:0',
       requires_grad=True), Parameter containing:
tensor([1.0049, 0.9961, 0.9950, 1.0012, 0.9978, 0.9980, 0.9937, 1.0016, 0.9978,
        1.0270, 1.0117, 0.9962, 1.0162, 1.0005, 0.9981, 1.0044, 1.0057, 0.9990,
        0.9991, 0.9940, 1.0028, 0.9929, 0.9917, 1.0170, 0.9912, 1.0111, 1.0092,
        1.0009, 0.9894, 0.9950, 0.9936, 0.9987, 1.0009, 1.0038, 1.0102, 1.0014,
        1.0519, 1.0012, 0.9951, 0.9972, 0.9974, 1.0073, 1.0044, 0.9929, 0.9920,
        1.0051, 1.0065, 0.9989, 0.9884, 0.9965, 0.9951, 0.9985, 1.0098, 0.9986,
        1.0026, 0.9941, 0.9964, 0.9974, 0.9919, 0.9955, 0.9995, 0.9970, 1.0129,
        0.9946, 1.0065, 0.9968, 1.0140, 0.9915, 0.9919, 0.9992, 1.0052, 0.9982,
        1.0006, 0.9981, 0.9983, 0.9935, 0.9927, 0.9869, 1.0082, 1.0063, 1.0018,
        0.9934, 0.9986, 1.0009, 0.9965, 1.0029, 1.0017, 0.9994, 1.0018, 1.0103,
        0.9931, 0.9992, 0.9992, 1.0012, 0.9903, 1.0077, 0.9992, 0.9955, 0.9991,
        0.9932, 0.9987, 1.0004, 0.9949, 0.9988, 0.9966, 0.9911, 0.9912, 1.0069,
        0.9925, 1.0000, 0.9987, 0.9989, 1.0137, 0.9933, 0.9926, 0.9988, 1.0034,
        0.9949, 0.9894, 1.0016, 1.0110, 0.9987, 0.9922, 1.0010, 1.0016, 0.9928,
        1.0015, 0.9968], device='cuda:0', requires_grad=True), Parameter containing:
tensor([-6.5230e-03,  2.9001e-03, -3.4804e-03,  2.5912e-03,  7.9205e-03,
         2.3341e-03, -1.3683e-03, -5.5643e-03,  3.2359e-03, -3.1559e-03,
        -3.1712e-03,  3.7352e-03, -6.7291e-04,  1.0932e-03,  2.6118e-03,
        -9.2638e-03, -8.5532e-03, -2.3556e-03, -5.4894e-03, -3.8458e-03,
         4.2524e-03,  3.2132e-03, -2.8797e-03, -2.9225e-03,  3.4190e-03,
        -9.5928e-03, -8.0419e-03,  1.3639e-03,  3.5427e-03,  2.2542e-05,
         3.7369e-03, -7.4471e-03,  1.8290e-04, -3.5733e-03,  1.2206e-03,
         1.5509e-03, -9.2892e-03,  2.6247e-03,  1.9998e-03,  4.8558e-04,
        -4.9701e-03,  6.3346e-03, -1.3011e-02, -1.4893e-03, -1.5164e-03,
        -6.3242e-03,  4.2491e-03,  2.6585e-03,  4.7851e-03, -3.1557e-03,
         2.3304e-03,  6.1928e-03, -1.2080e-02,  1.7081e-04, -4.0781e-03,
         2.8560e-03,  3.6954e-03,  8.6459e-03, -3.5817e-03,  7.2152e-04,
         2.0907e-03,  2.3365e-03, -8.3214e-03,  8.0275e-04, -5.0110e-03,
        -5.6475e-03, -1.3864e-02,  2.8795e-03,  1.3782e-03,  3.6925e-03,
         9.7709e-04, -4.5375e-03,  1.2103e-03, -1.8583e-03, -5.7593e-03,
         1.7421e-03, -1.7109e-03,  1.5631e-03,  7.0530e-03,  4.3642e-03,
        -1.1741e-03,  4.6794e-06,  4.2547e-03, -1.7229e-03, -5.1400e-03,
         3.7245e-03, -3.2017e-03, -1.4167e-03,  2.8402e-04, -2.7705e-03,
         6.3385e-03, -9.7278e-04, -1.1807e-03, -1.1203e-05,  2.3612e-03,
        -4.8624e-03,  2.1175e-03, -7.7473e-03,  9.6917e-04,  1.5137e-03,
         3.2378e-03,  1.3345e-03,  6.3741e-03, -2.1921e-03, -3.3980e-03,
        -1.5440e-03, -6.8819e-04, -4.0802e-03, -1.9395e-03, -7.9029e-03,
         5.6393e-03,  6.6811e-03,  6.3166e-03,  4.3422e-03, -5.6590e-03,
        -6.4217e-04, -1.6207e-04,  4.6946e-03,  2.7997e-03, -2.7261e-03,
        -5.3595e-03,  2.3538e-03, -2.6750e-03, -1.0361e-02,  9.5310e-05,
        -5.8450e-03, -9.6938e-04,  1.8269e-03], device='cuda:0',
       requires_grad=True), Parameter containing:
tensor([1.0160, 0.9974, 1.0042, 0.9950, 1.0007, 0.9933, 1.0028, 1.0011, 1.0062,
        1.0043, 1.0003, 1.0261, 0.9973, 0.9928, 0.9922, 1.0003, 0.9830, 0.9942,
        0.9994, 0.9990, 1.0035, 1.0039, 0.9912, 0.9854, 0.9951, 1.0084, 1.0048,
        0.9984, 0.9967, 1.0218, 0.9997, 1.0031, 0.9926, 1.0064, 1.0021, 1.0026,
        1.0146, 1.0126, 0.9897, 0.9879, 0.9922, 1.0042, 0.9875, 0.9890, 1.0024,
        0.9983, 0.9871, 1.0037, 0.9963, 0.9898, 1.0094, 0.9962, 0.9963, 1.0002,
        1.0012, 1.0214, 0.9894, 0.9937, 0.9991, 1.0039, 1.0051, 0.9979, 0.9941,
        1.0056], device='cuda:0', requires_grad=True), Parameter containing:
tensor([-0.0081, -0.0081,  0.0041, -0.0046, -0.0052,  0.0063, -0.0145, -0.0076,
        -0.0047, -0.0093,  0.0098, -0.0020, -0.0054,  0.0117, -0.0050, -0.0045,
         0.0102, -0.0046, -0.0009, -0.0009, -0.0114, -0.0037,  0.0106,  0.0157,
         0.0032, -0.0105, -0.0094, -0.0135,  0.0082, -0.0107,  0.0040, -0.0032,
        -0.0020, -0.0065, -0.0007,  0.0008, -0.0058, -0.0005, -0.0041,  0.0054,
        -0.0112,  0.0040, -0.0122, -0.0021, -0.0071,  0.0040, -0.0046, -0.0062,
        -0.0078,  0.0041, -0.0021, -0.0009,  0.0017, -0.0048, -0.0099, -0.0075,
         0.0141, -0.0110, -0.0074, -0.0034,  0.0149,  0.0005, -0.0060, -0.0116],
       device='cuda:0', requires_grad=True), Parameter containing:
tensor([0.9782, 0.9117, 0.9757, 0.9339, 0.9774, 0.9600, 0.8880, 0.8980, 0.9920,
        0.9922, 0.9776, 0.9461, 0.9945, 0.8277, 1.0121, 0.9678],
       device='cuda:0', requires_grad=True), Parameter containing:
tensor([ 0.0353, -0.3881, -0.0577, -0.3445, -0.1771,  0.0075,  0.4195,  0.3565,
        -0.2275, -0.0462,  0.1405,  0.0567, -0.1613, -0.5776,  0.1060,  0.0609],
       device='cuda:0', requires_grad=True)]